ATLAS,CuBLAS,MKL,PLASMA
0.57971430917,0.0799712462935,0.243293178627,0.434496851872
0.602201202574,-0.0201082055906,0.305695347981,0.447229551451
0.530752888751,0.0431107354184,0.173270038342,0.437655240934
0.294979326639,0.210059563203,-0.0422633601118,0.41758563482
0.655764265101,0.0940706195869,0.183303303303,0.470235312451
0.55206013363,0.123256320837,0.196303696304,0.417071226723
0.625972673243,0.000818397577543,0.449176629822,0.518116514051
0.581558981889,0.170326337498,0.221425318761,0.471606273661
0.594431700625,0.0119438965593,0.327741743085,0.506647699294
0.606819853737,0.0785924348443,0.256951259405,0.453144748721
0.545284431138,0.0233991247656,0.356689022238,0.422650475185
0.670088894453,0.13341372506,0.297020898177,0.572633400011
0.472415699281,0.27355761912,0.0201232032854,0.426166426166
0.592771550058,0.157649253731,0.0516129032258,0.448669864806
0.660690530899,0.02366246194,0.420059942125,0.526115779251
0.613302714672,0.0195466833021,0.271870898,0.44795691371
0.618979766315,0.0786572159874,0.334258073695,0.461197466897
0.656390472996,0.0530646205048,0.369583948794,0.586892518653
0.485232959752,0.133277949205,0.122341064776,0.451026084342
0.663831576224,-0.00192771084337,0.348071495767,0.501940491591
0.655570928624,0.0759825327511,0.296834759492,0.490795331488
0.514182038101,0.0904664855072,0.199501743896,0.408424773547
0.582271033536,0.13158699419,0.313180169287,0.494392024212
0.704725536993,0.0923408001565,0.360686233981,0.550065460893
0.676945548973,0.135692574902,0.404443114668,0.532059947105
0.74124654947,0.0987754275883,0.428470573134,0.534111122737
0.687970144032,-0.0259802511744,0.314808886612,0.511301885931
0.507950459449,0.201918092276,0.107924090975,0.404794123333
0.578706321384,0.150205291971,0.196917439103,0.490634399781
0.610248972686,0.138030578424,0.197411647586,0.478221474338
0.589731862101,0.139568345324,0.251954550193,0.48709884926
0.57341817211,0.0631290921528,0.186370194348,0.404127043322
0.646267801243,0.124986367107,0.26957392571,0.490635515205
0.472078436149,0.0715433222663,0.282367549669,0.547452495302
0.572104986263,0.122933141625,0.25007683639,0.503896984073
0.576804590758,0.116742309632,0.10283006787,0.530554811043
0.678432254197,0.0362717574396,0.333902514747,0.491798424824
0.617296269898,0.161303759242,0.328049390956,0.505252165366
0.628592907049,0.0558678057554,0.324947757595,0.47627361726
0.653825595602,0.0374734607219,0.362690658607,0.525958069744
0.445107503291,0.194522292994,0.142295170917,0.478687443318
0.55647258338,0.113145699107,0.26217791988,0.478220389705
0.498348175812,0.190144927536,0.129052369077,0.408451897019
0.636670268854,0.000360392828183,0.403398397591,0.538112484909
0.624799099968,0.0632962182767,0.294233240118,0.472220652235
0.573773062248,0.107963246554,0.135298483724,0.462992229685
0.661349693252,0.0603366748629,0.390803188228,0.549755301794
0.613439273553,-0.00685903500473,-0.0516304347826,0.361242403781
0.649470552201,0.149936332767,0.330015890273,0.502113113735
0.70162189994,0.12813440321,0.437408985492,0.534953187695
0.618308186337,0.0986807936013,0.37232349537,0.51895997339
0.634862054998,0.198161692034,0.378361811355,0.563606045936
0.68488537354,0.0573065902579,0.308589248187,0.481230925738
0.65663509361,0.113156602847,0.385230559809,0.546143539067
0.657887233588,0.0415376934598,0.356376558938,0.467077503886
0.650274125067,0.113572249504,0.348987108656,0.507717303006
0.626106838495,0.0395130286202,0.29980537174,0.442509142751
0.347343178089,0.238999264165,0.0610132558562,0.456998844902
0.67172928324,0.0907749077491,0.299801079852,0.510625620655
0.670324995746,0.121713508613,0.194302942094,0.483023147222
0.573569625578,0.0604796663191,0.206555772994,0.373580533024
0.253283669869,0.362403749582,-0.0666479977597,0.523458025773
0.665550834728,0.0925710293433,0.275204613095,0.508017676768
0.503509196515,0.0682411717952,0.205153041457,0.432817251866
0.559879020532,0.173005464481,0.392257649988,0.528535825545
0.59405204461,0.0302910705476,0.290192113246,0.444369063772
0.664932617868,0.107766143106,0.323351807428,0.533238231098
0.509006473403,0.139368524914,0.124137065395,0.369191827879
0.380030789532,0.233133841132,0.0842942991717,0.407524169819
0.479695611976,0.176218894269,0.282955993335,0.460631082277
0.557921910294,0.0881863560732,0.413318107201,0.516868461267
0.617536892459,0.0590651715333,0.274152106886,0.504704576004
0.599291553134,0.132594078094,0.360886571056,0.551482249604
0.682959169677,0.169779693487,0.228870106762,0.529515538065
0.67134437272,0.0414733969986,0.29648543106,0.559636477593
0.563426118266,0.159333333333,0.263778608127,0.51917944025
0.615052081189,0.0852167106937,0.31280317507,0.474689589303
0.60719134791,0.167988893296,0.371252997602,0.532277845914
0.619774358974,0.0483622548516,0.343951298931,0.509577733093
0.555914143743,0.0417818061236,0.354697037368,0.483280681886
0.612254286909,0.0790702294626,0.3150856974,0.503241708193
0.68924617018,0.0636197440585,0.336829157765,0.476732900853
0.562179042332,0.230234260615,0.0195804195804,0.421404988995
0.570528146055,0.0365675280351,0.329305546127,0.465657111952
0.668187744459,0.0566881063992,0.385527623917,0.52739090065
0.643907121858,0.273561811506,0.123208745753,0.525769077107
0.606062598632,0.193457189015,0.128835247928,0.461144090664
0.659388914479,-0.0338335352782,0.348831748268,0.507372535086
0.406019474771,0.111160172204,0.0858310626703,0.337283950617
0.588988348252,0.0507045507046,0.151718443596,0.437093349771
0.417926450091,0.209522422831,-0.0601445030268,0.499354481741
0.347898808279,0.151061513337,0.041045349731,0.30356146031
0.642041509143,0.0845501183899,0.332542080276,0.558647260274
0.503601887886,0.161538461538,0.120193718814,0.361350804304
0.632297782127,0.101603745393,0.250290939318,0.393354409094
0.648839995643,0.273873873874,0.199503414029,0.513872135103
0.630639258474,-0.0280845392232,0.361912077523,0.46356365804
0.687578947368,0.0635254522507,0.273439412485,0.49748857159
0.633238046756,0.0363206091162,0.37543344892,0.504182106935
0.683679600291,0.051308801214,0.367579186951,0.499900009999
